
amplitudes_setting{

RHO_770_P   floating
KST_892_M   floating
KST_892_0   floating
K0_1430_M   floating
K0_1430_0   floating
RHO_1700_P  floating
KST_1680_M  floating
Nonresonant floating

}amplitudes_setting

amplitude_parameters_setting{

RHO_770_P_m   = 0.770 +- 0.001 C
RHO_770_P_w   = 0.1507 +- 0.0001 C
RHO_770_P_cRe = 1.0 +- 0.1 C
RHO_770_P_cIm = 0.0 +- 0.1 C

KST_892_M_m   = 0.8915 +- 0.0001 C
KST_892_M_w   = 0.0500 +- 0.0001 C
KST_892_M_cRe = -0.420774 +- 0.001 C
KST_892_M_cIm =  0.128644 +- 0.001 C

KST_892_0_m   = 0.8961 +- 0.001 C
KST_892_0_w   = 0.0505 +- 0.001 C
KST_892_0_cRe =  0.389998   +- 0.001 C
KST_892_0_cIm = -0.00136135 +- 0.001 C

K0_1430_M_m   = 1.412 +- 0.001 C
K0_1430_M_w   = 0.294 +- 0.001 C
K0_1430_M_cRe = 0.436133 +- 0.001 C
K0_1430_M_cIm = 0.634577 +- 0.001 C

K0_1430_0_m   = 1.412 +- 0.001 C
K0_1430_0_w   = 0.294 +- 0.001 C
K0_1430_0_cRe = -0.824751 +- 0.001 C
K0_1430_0_cIm =  0.205634 +- 0.001 C

RHO_1700_P_m   = 1.700 +- 0.001 C
RHO_1700_P_w   = 0.240 +- 0.001 C
RHO_1700_P_cRe = -2.46922  +- 0.001 C
RHO_1700_P_cIm =  0.391086 +- 0.001 C

KST_1680_M_m   = 1.717 +- 0.001 C
KST_1680_M_w   = 0.322 +- 0.001 C
KST_1680_M_cRe = -0.562378 +- 0.001 C
KST_1680_M_cIm =  2.435931 +- 0.001 C

NR_cRe = 1.4968875  +- 0.001 C
NR_cIm = 0.90654727 +- 0.001 C

# Blatt-Weisskopf radii
radiusReso   = 1.5 +- 0.5 C
radiusMother = 5.0 +- 0.5 C

}amplitude_parameters_setting
