
amplitude_setting{

a00_980    floating
a0p_980    floating
a0m_980    floating
phi        floating
f0_1370    floating
f2_1270    floating
a00_1450   floating
a0p_1450   floating
a0m_1450   removed

}amplitude_setting

amplitude_parameters_setting{

m_a0_980    = 0.999        +- 0.002      C
m_phi       = 1.01955      +- 0.00001917 C
m_f0_1370   = 1.350        +- 0.013      C
m_f2_1270   = 1.2754       +- 0.013      C
m_a0_1450   = 1.474        +- 0.019      C

w_a0_980    = 0.1135943621 +- 0.00001    C
w_phi       = 0.00459787   +- 0.00003969 C
w_f0_1370   = 0.265        +- 0.013      C
w_f2_1270   = 0.1851       +- 0.013      C
w_a0_1450   = 0.265        +- 0.013      C

# Gamma coefficients.
g1_a0_980  = 0.6219180253 +- 0.00001    C
g2_a0_980  = 0.7830823519 +- 0.00001    C
mEta       = 0.54730      +- 0.013      C
mPic       = 0.139570     +- 0.013      C

# Blatt-Weisskopf radius
rBW        =  1.5         +- 0.5        C

re_a00_980  =  12.2344861  +- 0.013      C
re_a0p_980  = -7.56633713  +- 0.013      C
re_a0m_980  = -1.19249603  +- 6.309e-03  C
re_phi      = -1.29497e-01 +- 1.719e-03  C
re_f0_1370  =  1.55304e-01 +- 5.158e-02  C
re_f2_1270  =  3.84159e-01 +- 1.478e-02  C
re_a00_1450 = -2.91593e-01 +- 1.091e-01  C
re_a0p_1450 = -8.72480e-02 +- 6.182e-02  C
re_a0m_1450 =  0.0                       C

im_a00_980  =  0.0         +- 0.013      C
im_a0p_980  = -1.73609903  +- 7.853e-03  C
im_a0m_980  =  0.94854397  +- 5.199e-03  C
im_phi      =  1.91649e-01 +- 1.403e-03  C
im_f0_1370  =  2.37891e-02 +- 3.476e-02  C
im_f2_1270  =  2.36121e-02 +- 1.342e-02  C
im_a00_1450 = -7.72051e-01 +- 8.196e-02  C
im_a0p_1450 =  9.26874e-01 +- 3.424e-02  C
im_a0m_1450 =  0.0         +- 0.013      C

}amplitude_parameters_setting
