amplitudes_setting{

noRes      floating
Kstm       floating
Kstp       floating
rho0       floating
omega      floating
f0_980     floating
f0_1370    floating
f2_1270    floating
K0stm_1430 floating
K0stp_1430 floating
K2stm_1430 floating
K2stp_1430 floating
sigma      floating
sigma2     floating
Kstm_1680  floating

}amplitudes_setting

amplitude_parameters_setting{

mKst         =  0.893606  +- 0.1 C
mRho         =  0.7758    +- 0.1 C
momega       =  0.78259   +- 0.1 C
mf0_980      =  0.975     +- 0.1 C
mf0_1370     =  1.434     +- 0.1 C
mf2_1270     =  1.2754    +- 0.1 C
mK0st_1430   =  1.459     +- 0.1 C
mK2st_1430   =  1.4256    +- 0.1 C
msigma       =  0.527699  +- 0.1 C
msigma2      =  1.03327   +- 0.1 C
mKstm_1680   =  1.677     +- 0.1 C

wKst         =  0.0463407 +- 0.1 C
wRho         =  0.1464    +- 0.1 C
womega       =  0.00849   +- 0.1 C
wf0_980      =  0.044     +- 0.1 C
wf0_1370     =  0.173     +- 0.1 C
wf2_1270     =  0.1851    +- 0.1 C
wK0st_1430   =  0.175     +- 0.1 C
wK2st_1430   =  0.0985    +- 0.1 C
wsigma       =  0.511861  +- 0.1 C
wsigma2      =  0.0987890 +- 0.1 C
wKstm_1680   =  0.205     +- 0.1 C

rBW          =  1.5       +- 0.5 C

reCtnt       =  0.848984  +- 0.1 C
reKstm       = -1.16356   +- 0.1 C
reKstp       =  0.106051  +- 0.1 C
rerho0       =  1.0       +- 0.1 C
reomega      = -0.0249569 +- 0.1 C
ref0_980     = -0.423586  +- 0.1 C
ref0_1370    = -2.16486   +- 0.1 C
ref2_1270    =  0.217748  +- 0.1 C
reK0stm_1430 =  1.62128   +- 0.1 C
reK0stp_1430 =  0.148802  +- 0.1 C
reK2stm_1430 =  1.15489   +- 0.1 C
reK2stp_1430 =  0.140865  +- 0.1 C
resigma      = -1.55556   +- 0.1 C
resigma2     = -0.273791  +- 0.1 C
reKstm_1680  = -1.69720   +- 0.1 C

imCtnt       =  0.893618  +- 0.1 C
imKstm       =  1.19933   +- 0.1 C
imKstp       = -0.118513  +- 0.1 C
imrho0       =  0.0       +- 0.1 C
imomega      =  0.0388072 +- 0.1 C
imf0_980     = -0.236099  +- 0.1 C
imf0_1370    =  3.62385   +- 0.1 C
imf2_1270    = -0.133327  +- 0.1 C
imK0stm_1430 =  1.06816   +- 0.1 C
imK0stp_1430 =  0.0897144 +- 0.1 C
imK2stm_1430 = -0.773363  +- 0.1 C
imK2stp_1430 = -0.165378  +- 0.1 C
imsigma      = -0.931685  +- 0.1 C
imsigma2     = -0.0535596 +- 0.1 C
imKstm_1680  =  0.128038  +- 0.1 C

}amplitude_parameters_setting

mixing_parameters_setting{

tau = 0.4101 +- 0.0001 C
x   = 0.004  +- 0.0001 F
y   = 0.006  +- 0.0001 F
qop = 1.0    +- 0.0001 C
phi = 0.0    +- 0.0001 C

}mixing_parameters_setting
